0
0.09568
0.17469
0.102
0.15495
0.14641
0.20383
0.2206
0.14039
0.1743
0.09309
0.17084
0.06695
0.12864
0.20536
0.2279
0.14318
0.0967
0.1887
0.24677
0.24014
0.28715
0.28711
0.30836
0.22369
0.20355
0.26382
0.24858
0.27046
0.21776
0.28817
0.24949
0.25684
0.15371
0.18054
0.28029
0.27492
0.23986
0.23181
0.32575
0.35496
0.28714
0.35089
0.2119
0.32247
0.29039
0.28751
0.23455
0.22809
0.32663
0.3739
0.32946
0.36428
0.4003
0.38819
0.26327
0.40561
0.28947
0.22198
0.40126
0.42454
0.50596
0.52692
0.55486
0.51028
0.50995
0.58402
0.65776
0.64159
0.63429
0.2697
0.3293
0.28462
0.35686
0.37389
0.40921
0.32399
0.31772
0.40083
0.3002
0.32587
0.28369
0.38627
0.32123
0.37276
0.45247
0.3809
0.38515
0.47138
0.36766
0.42888
0.54181
0.44988
0.57586
0.53026
0.46846
0.34473
0.40798
0.34049
0.30141
0.4582
0.50674
0.49324
0.41909
0.37729
0.38662
0.45911
0.43106
0.50912
0.42527
0.37083
0.50464
0.55761
0.58533
0.49255
0.38433
0.38756
0.44796
0.44034
0.46576
0.53318
0.45886
0.38613
0.44292
0.51852
0.40521
0.48256
0.41313
0.53014
0.57713
0.58727
0.37307
0.47022
0.37712
0.51678
0.56302
0.50911
0.42609
0.34995
0.42724
0.40653
0.51284
0.34411
0.35068
0.42758
0.39514
0.39483
0.38049
0.50505
0.60064
0.52157
0.56723
0.5357
0.54585
0.49832
0.45674
0.41906
0.42222
0.52402
0.51575
0.51247
0.39019
0.44943
0.5526
0.60324
0.43762
0.58249
0.47661
0.52012
0.45127
0.41062
0.45833
0.50726
0.38646
0.51879
0.48409
0.42671
0.40878
0.39921
0.40364
0.35337
0.51358
0.55961
0.45888
0.50973
0.55562
0.52165
0.39672
0.4029
0.45008
0.55899
0.50345
0.50674
0.54246
0.58612
0.4923
0.62534
0.78321
0.68937
0.80697
0.78278
0.64706
0.64522
0.75696
0.8586
1
0.96241
0.58854
0.70394
0.65369
0.66135
0.59493
0.71391
0.61706
0.53655
0.64938
0.64958
0.56043