0.000438003
0.028617992
0.043860482
0.015802767
0.011749419
0.043099452
0.007602994
0.075637567
0.00606816
0.012661924
0.003737622
0.063975749
0.015379365
0.037007566
0.069365006
0.068355775
0.050802822
0.077946206
0.089005771
0.037305043
0.050089243
0.039787058
0.050790047
0.018498308
0.045922744
0
0.043991882
0.132077848
0.124458428
0.111281851
0.116755058
0.083309912
0.142007731
0.059869475
0.062486541
0.070169835
0.111564728
0.068985404
0.093261696
0.130442638
0.067470645
0.027740162
0.07521964
0.042263597
0.094515478
0.076232521
0.035200806
0.089670075
0.065913911
0.136361148
0.065550733
0.040042559
0.165099591
0.047298802
0.109810892
0.050852097
0.052319406
0.120321129
0.070793989
0.39229882
0.239530826
0.402664881
0.335400462
0.304722033
0.347589708
0.242978271
0.320793077
0.422593997
0.412616664
0.200776725
0.055869052
0.088376142
0.073181103
0.070481912
0.047718554
0.072303273
0.03680499
0.131521219
0.1281705
0.101063616
0.1879907
0.093486172
0.087799439
0.127705122
0.07698625
0.075413091
0.057579087
0.072852601
0.117304386
0.079590541
0.129207106
0.096741991
0.098729428
0.141712079
0.108033332
0.127951499
0.126778017
0.1026167
0.160414788
0.098882728
0.166402648
0.113261988
0.089854401
0.069034679
0.121116834
0.067067317
0.113464564
0.181842239
0.096179888
0.070686314
0.058418592
0.060968132
0.119390373
0.138596786
0.167191053
0.046211095
0.087476412
0.067463345
0.196851127
0.135882995
0.108004132
0.066344613
0.049410339
0.104664362
0.149508525
0.132875377
0.174168069
0.154662355
0.145102949
0.117890215
0.272468619
0.187559997
0.084313668
0.078282008
0.162582901
0.146382281
0.107515029
0.095331258
0.045249315
0.189998211
0.134603662
0.189718985
0.089905501
0.042548299
0.201023101
0.100392012
0.175392651
0.127004318
0.175295925
0.222760803
0.080939223
0.150285979
0.096933617
0.219933862
0.128378551
0.098824328
0.208292119
0.176447507
0.321886258
0.113785766
0.148986572
0.163214355
0.155868687
0.136038121
0.229148341
0.108551635
0.135330017
0.115245774
0.167353479
0.064751379
0.044340459
0.090077052
0.125257783
0.221534396
0.128059174
0.100240536
0.104100434
0.157062244
0.159754135
0.161925897
0.150623606
0.099008654
0.23763099
0.054708345
0.087912589
0.083496063
0.25465104
0.111997255
0.1795336
0.15559311
0.109528016
0.100601889
0.100010585
0.106774075
0.121228159
0.063594322
0.335665089
0.405940775
0.232141358
0.334155805
0.217568648
0.291817382
0.338274854
0.362664297
0.702200233
0.665077691
1
0.455101087
0.44538108
0.406548503
0.427127324
0.429715189
0.240164105
0.251922649
0.09396615
0.230230572
0.222432301
0.175547777