0
0.062842279
0.141957125
0.021447682
0.059345809
0.132589532
0.019363872
0.163598871
0.128127316
0.086752562
0.114644549
0.16774611
0.134012254
0.193120943
0.148162317
0.194903991
0.169487669
0.223241423
0.174680172
0.092119961
0.134780441
0.178835387
0.20318719
0.144031743
0.29931042
0.100017347
0.222730015
0.268058012
0.179940601
0.291692185
0.214186648
0.325561822
0.309009267
0.219623434
0.299562473
0.149728176
0.288381688
0.208619534
0.213970214
0.325162978
0.26006784
0.314614153
0.231844789
0.144749303
0.46662246
0.453593396
0.456963257
0.234132082
0.124704138
0.306445723
0.217611615
0.236612828
0.309861048
0.475731539
0.420716694
0.253483137
0.64561483
0.211290393
0.245437364
0.375948333
0.358741231
0.42290147
0.477917561
0.347825192
0.353902967
0.383648052
0.349408099
0.465140654
0.573251356
0.502559343
0.677515537
0.305597168
0.110211203
0.222291347
0.191894016
0.31298089
0.268265161
0.342751037
0.535716499
0.225183839
0.30292493
0.320135215
0.419318192
0.257659352
0.214305656
0.199135369
0.206858331
0.275003939
0.226843135
0.297715374
0.211665474
0.454693243
0.237941871
0.365132101
0.370589864
0.268482028
0.365772158
0.223756231
0.209777851
0.203452818
0.38105845
0.204015589
0.337831155
0.285381846
0.31077092
0.244371097
0.279923769
0.398246128
0.32070906
0.288131612
0.158212755
0.295916301
0.2361758
0.3384781
0.38544865
0.251128371
0.296271758
0.223958283
0.329835384
0.484197745
0.297020994
0.213810298
0.355376157
0.200918886
0.250408814
0.206819304
0.512276326
0.271400795
0.331231109
0.565453476
0.800467987
0.464714305
0.32806577
0.26607826
0.368801514
0.244844678
0.377192866
0.447003414
0.288926115
0.290975799
0.311442966
0.461566074
0.268479084
0.212606495
0.47446013
0.300770692
0.313429177
0.330669572
0.303339386
0.432593466
0.25364002
0.451244792
0.294350761
0.315789062
0.279088624
0.427647622
0.233017064
0.391114528
0.476857113
0.198658546
0.335644014
0.360975384
0.292960305
0.497474381
0.383255073
0.322407138
0.208078206
0.298745726
0.286405215
0.264682949
0.178130922
0.459060292
0.299634385
0.273201298
0.349585612
0.27258627
0.243576111
0.251889609
0.342894969
0.255906175
0.272737382
0.254116501
0.323750531
0.273605337
0.236777289
0.33697947
0.419689216
0.25195206
0.376371766
0.307513262
0.307503368
0.206631459
0.475873892
0.302117521
0.617024053
0.302815413
0.47065297
0.600033411
0.392033353
0.313152653
0.375666035
0.309383816
0.450394689
0.434800664
0.548938983
0.83323823
1
0.444361693
0.46951593
0.623219899
0.562563897
0.403583697
0.880221716
0.550189505
0.245984813
0.336366848
0.432610786
0.423306617