0
0.05622927
0.123091679
0.020267912
0.050245114
0.115381549
0.017052392
0.146569548
0.104802046
0.072603699
0.093476128
0.147711297
0.111306857
0.16305894
0.132916713
0.170445372
0.146623716
0.195098311
0.158046137
0.081566516
0.118468949
0.152075413
0.17378344
0.119981577
0.250088352
0.080955423
0.188220695
0.241508162
0.169010068
0.256524299
0.195188853
0.278323076
0.276338901
0.1887438
0.253472266
0.134333686
0.253918895
0.181617138
0.190545066
0.287083352
0.222721771
0.25885365
0.20150455
0.125045083
0.393215621
0.379261007
0.373927314
0.206100654
0.113304367
0.273193798
0.188205562
0.198632117
0.281464166
0.391225777
0.359583786
0.214253844
0.526861881
0.193531348
0.211595536
0.378520451
0.335103174
0.418350859
0.449390373
0.338919227
0.352098081
0.355775217
0.343298377
0.456204077
0.540888948
0.442689077
0.552750129
0.263288105
0.102944816
0.192911963
0.16410308
0.266119135
0.223437658
0.301400529
0.454810491
0.201065694
0.280286809
0.275932478
0.354182623
0.232302501
0.187719116
0.17519605
0.178030236
0.235750919
0.20549657
0.255275775
0.195523851
0.384144321
0.210895575
0.321310445
0.319162512
0.241059469
0.318933405
0.200211316
0.199934821
0.183135131
0.338853321
0.186321236
0.289416638
0.243351543
0.273735975
0.210026598
0.247485987
0.355617587
0.276911321
0.245875418
0.13896563
0.250256223
0.213414156
0.299338858
0.342523432
0.211475118
0.255631617
0.19367901
0.303632618
0.415319552
0.26017518
0.18529572
0.295650337
0.182189816
0.230630137
0.19231093
0.445207669
0.248522501
0.294778598
0.476404192
0.693308688
0.40989316
0.280523288
0.22961994
0.328290531
0.225549534
0.324346201
0.377737962
0.241632535
0.271055396
0.276869741
0.407800689
0.233774134
0.179800095
0.420311074
0.261723746
0.286312415
0.290839134
0.278180608
0.391081898
0.220129626
0.391852471
0.255905278
0.296781217
0.249673
0.362977787
0.2278186
0.348857901
0.445894143
0.182098571
0.299069092
0.322138135
0.266101662
0.425927408
0.352778397
0.280655678
0.193793515
0.262951185
0.263031803
0.225909659
0.152370177
0.386322408
0.265588206
0.26277977
0.306211502
0.239054275
0.216456298
0.233266462
0.306965602
0.237432547
0.248824987
0.223966073
0.306596018
0.231152329
0.207894804
0.287507753
0.38695568
0.224706399
0.337641727
0.277749061
0.268884275
0.186025004
0.401660607
0.264031236
0.5179579
0.256293813
0.44362041
0.560963134
0.360402183
0.316634413
0.344444103
0.30544942
0.427885161
0.420124481
0.578578669
0.798802912
1
0.445843941
0.464178344
0.579586189
0.535209939
0.408055831
0.749560317
0.490732952
0.216460188
0.315319986
0.391031734
0.37445238