0.000445797
0.029112425
0.04460596
0.016079521
0.011956063
0.043832599
0.007737294
0.076879009
0.006175521
0.012884405
0.00380391
0.065039476
0.015648823
0.037641233
0.070511478
0.069486833
0.051659814
0.079222239
0.09044481
0.037943599
0.050934855
0.040466282
0.051646836
0.01882135
0.046701533
0
0.044739488
0.134109182
0.126389906
0.113035657
0.118583432
0.084665559
0.144166033
0.060869441
0.063527215
0.071328574
0.113322414
0.070126083
0.094762271
0.13245272
0.068588153
0.028219877
0.076454799
0.042983175
0.096034056
0.077482895
0.035804706
0.091118762
0.067007518
0.13844769
0.066638752
0.040725957
0.167539312
0.04809973
0.111544471
0.051709875
0.053200523
0.122197501
0.071962224
0.396484581
0.242746366
0.40688642
0.339322048
0.308453424
0.35157756
0.246224907
0.324628286
0.42687366
0.41686898
0.203613271
0.056806306
0.089806021
0.074385524
0.071645401
0.048526223
0.073494411
0.037435325
0.133545331
0.13015089
0.102675283
0.190690323
0.094989975
0.089220915
0.129679408
0.078247923
0.076651159
0.05854322
0.074052055
0.119140184
0.080891092
0.131201066
0.098292397
0.100308091
0.143866653
0.109742363
0.129929017
0.128740118
0.104250217
0.16279898
0.100463566
0.168857674
0.115042897
0.091305763
0.07017611
0.123003852
0.068178642
0.115248238
0.184473916
0.097722276
0.071852911
0.059395881
0.061985218
0.121254262
0.140711878
0.169655308
0.04699453
0.088893176
0.068580741
0.199646263
0.137963407
0.109712758
0.067444842
0.050245106
0.106326551
0.15176036
0.134917042
0.176713021
0.156977274
0.147300096
0.119733918
0.275963821
0.190254906
0.085684096
0.079563056
0.164992891
0.148595382
0.10921688
0.096861518
0.046017243
0.192719724
0.136667633
0.192437461
0.091357604
0.043272501
0.203862228
0.101994204
0.177951585
0.128969396
0.177853757
0.225818981
0.082259811
0.152547393
0.098486754
0.222964516
0.130361668
0.100404337
0.211206392
0.179018442
0.325728194
0.115573821
0.151231965
0.165631826
0.158198233
0.138120523
0.232267649
0.110267835
0.13740333
0.117053694
0.169819633
0.06582708
0.045093705
0.091531643
0.127199836
0.224580669
0.130038105
0.101840589
0.105754742
0.159406209
0.162130432
0.164328088
0.152889172
0.100591276
0.240829211
0.055627294
0.089335715
0.084854454
0.257999793
0.11376087
0.182139412
0.157919319
0.111257696
0.102207043
0.101607388
0.108465645
0.123116666
0.064652152
0.339588169
0.410172831
0.235288806
0.338070327
0.220576053
0.295458738
0.342212542
0.366726798
0.70583232
0.668951569
1
0.459445522
0.449710045
0.410782469
0.431418252
0.434012223
0.243385389
0.255247972
0.095476847
0.233360092
0.225487296
0.178108478